$ANSIBLE_VAULT;1.1;AES256
62626339366266616532613036663938303232343466376162666362303963363665616364643231
3962343866333634663533373739323564373231393539380a366562316466326265366566383734
35353963326630636330346139386530343231356336316433373339636239346437626661386363
6463316531336537340a356631633030353930316630316634353666633134383634636462303238
61323037323439373934666562663531616635326132623332306563633061376264393732336636
30333831653962313237366538373231666664346336623163366162366136613664353733643833
34343835343964646635326231663562653535646464363830346335366461626231313964396239
34323861326663306265306263333662353731636331386338623164666336353239613837356237
64393232646264633636393833303662383861376235626365366232373939393933306630636164
62613162353134333035376536613164623064663764313735363538333565653137393765363836
65333335646335336465333765393166303735336439623638386663323165336536656638323935
61363239626134376638653739353264373430306630316535613162383734316438663334373163
65663537663332623037366136363062396566613132666464383439633938333763616337663763
34323266396136373637383664666162303537653365326361356233653737346364666634376534
64393036626339323933366533343333376331613463376534333866663961643538383662663436
34376161376538653134623231666235373364323164663964626336626461323463653838613164
62323937363831613563666130643463623138393363373862363236376434356164363263353336
38386362663865643033626234303366663034626531343730623438633163323964333033333739
39613439396135663265363265663835393433386438343133656638656432393863663936636234
66653230333164303166633332306538646631663331303631336330626332306261613032373564
32396161356264663666346337613839306635383864633365653638626264303963666134323734
38383138353965616431306163306562653865366136646662653665626561366431303863653332
37376564316431616430393663306334393231373862343636353936656638396335613734326666
35346537646433303766646366616235646234313930396235383833633762653839666665323134
38366666653933386133616363383734376238643863653937393439333661623034353563373137
32303834626537633730346133343732643132306635316338633435356361633834346131663538
63643935313032663534313436373436343933623238346130303635636134616132306432613436
38643433386665396236663435613032646632383765616430353164633838373338623762633366
37353366393461626434326230656630613533306139303933336664313731383539626263363063
61616131383034656462663961303061313535303236643566663062386366613930353966373935
38373733386564666639346563323635356364666166333034626631303930363331666165373063
65633632356161383931383262663363336361663032663262613735613831323039373330366532
65303632613730383337306133633065613561303135613539666532613066623237616436633831
30353739303461646334646632363230343437346638643830356336666636656134653462386364
39383535396162393766386232333530383334363332323664396635396630363564633666363762
66646536393839626133376164313534666165643636616231356464313463316639363538623634
30613333303462333638343961363839666665306163316132643762326238316439333261376364
39663461616634353933366563636465396330326633633133336266623532356138666465623539
37353334643335656132373662336431386531353563323662373961383763333137363930393034
34633662343436363138306266303337623130323563643338663164363961653030316639366234
37633633326634383266623039326332633331333634623836663836646332346331386534303435
38653133383537376661393162633230383539316264326361616132666633393436323238343962
35646432353261656163363930323166346566643661323861643831306139646331386162313266
37333562386437353866313961346661396430333834663664386564356565666363313830633563
62316633353539663166653566643836333431383733653238356361636464386635666230336337
64636135323036313635623538316533666335346538373630343135396139396332653437653734
39303166626631303834623464353938383730313665343139643332313833633037336637616639
39333431646162633638616664306236363437653431663034343238383564393766373232333662
61393565383138313166643966376466313633626437653931643561373562313339316561373732
32373232613466633833316362383433633861303062303766653934306338356135363232376438
63303063613662636437616637633633663062616338613136643264666533346334643761366539
66643931356436333237
